Income,Year,Difference
175,1960,0
187,1965,12
207,1970,20
213,1975,6
222,1980,9
259,1985,27
316,1990,57
371,1995,55
450,2000,79
586,2005,136
